14.276319038989108
0.8823169302965532
0.9884123163734653
2.398018912331328
9.010427359055498
7.698064859785561
6.02494602530373
4.772666217965971
4.002263808582796
3.737210474930056
3.917488571536166
4.352887944540385
4.753647704362335
4.5774975408748295
3.9925619149021965
3.284208594432393
2.627807188396707
2.098471068603379
1.6997177344249936
1.395751751401536
1.1721678838887262
1.004543778583889
0.8745414053973115
0.7622215965567851
0.6736886894993959
0.6094630539738704
0.5453625073302503
0.5012161391281849
0.4571848526974725
0.42273037106544004
0.3963966596467083
0.36891213051444655
0.34300372129419326
0.3257714769229008
0.3076285854913368
0.2897158576024788
0.26918126674888293
0.25884892510349417
0.24260238112165758
0.23045374891106932
0.21728939497941457
0.20862824079633044
0.1956590255204471
0.18535670520677278
0.17453401514437475
0.1614697323182438
0.15578068996921626
0.14348195110034231
0.13707239679154348
0.12811102929188797
0.12021541906604756
0.1148966398074433
0.1055900269937049
0.09968583176778484
0.09434703828807577
0.08781239509735407
0.08170805766038587
0.07716983302486935
0.07197113909289397
0.06732283624130098
0.0631498711409473
0.057946173653695726
0.05265741572674869
0.05084612871676304
0.04668817428223798
0.04318068203361937
0.04056882617944117
0.03700629482278432
0.03353382746109913
0.030936982272749762
0.028865510388402973
0.026553867850798586
0.0243022679765086
0.02206567876804721
0.02058962996156822
0.019238670036994227
0.01661680707226544
0.015596081795920636
0.014860559170318985
0.013159350376410405
0.012158639321170063
0.010982803831262662
0.010087167436822557
0.009086456381582215
0.008390962198190178
0.007715482235902948
0.007120059158034945
0.006244436984699646
0.006134358768623209
0.005949227223403746
0.005548942801307609
0.00487846639429658
0.004578253077724478
0.004177968655628341
0.0037676771229798018
0.0035975562435889437
0.003402417587817077
0.003082190050140168
0.0027819767335680655
0.002566823856691392
0.0024067100878529374
0.0021014932160046333
0.002106496771280835
0.002141521658214247
0.0017762621230515301
0.0016811945728037018
0.0017262265702895152
0.0012809101507075826
0.0013709741456792094
0.001335949258745799
0.001040739497449911
0.001080767939659523
0.0009606826130306871
0.001020725276345105
0.0007905617336398364
0.0006604692964585977
0.0008606115075066573
0.0006604692964585977
0.000520369748724956
0.0004953519723439485
0.0006004266331441798
0.0004403128643057321
0.0004603270854105381
0.0004102915326485232
0.0004403128643057321
0.0004503199748581351
0.0003452453140579038
0.00037026309043891126
0.0004052879773723217
0.0003602559798865083
0.00032022753767689636
0.00038027020099131424
0.0003352382035055008
0.0002501777638100755
0.00026518842963867996
0.00023016354270526948
0.0002852026507434859
0.000235167097981471
0.00022515998742906796
0.00020014221104806037
0.0002852026507434859
0.0002401706532576725
0.0002401706532576725
0.0002101493216004634
0.0002051457663242619
0.00021515287687666492
0.00014510310300984368
0.00014510310300984368
0.0001801279899432543
0.00017512443466705278
0.00017012087939085127
0.00013509599245744064
0.00016511732411464975
0.0001200853266288361
0.00016511732411464975
0.00016011376883844823
0.0001150817713526346
0.00013009243718123913
0.0001100782160764331
9.006399497162708e-05
0.00017012087939085127
0.00017512443466705278
0.0001501066582860452
0.00013009243718123913
0.0001100782160764331
0.00010007110552403009
0.00013509599245744064
0.0001050746608002316
0.00016511732411464975
7.004977386682107e-05
9.006399497162708e-05
8.506043969542558e-05
9.006399497162708e-05
3.5024886933410534e-05
0.00014009954773364216
8.005688441922408e-05
0.0001050746608002316
8.506043969542558e-05
6.004266331441805e-05
0.0001100782160764331
6.504621859061956e-05
8.506043969542558e-05
7.004977386682107e-05
8.506043969542558e-05
4.503199748581354e-05
6.004266331441805e-05
5.503910803821655e-05
8.005688441922408e-05
7.004977386682107e-05
0.0001100782160764331
8.506043969542558e-05
4.503199748581354e-05
7.004977386682107e-05
9.506755024782859e-05
4.002844220961204e-05
5.0035552762015045e-05
6.504621859061956e-05
7.505332914302257e-05
4.002844220961204e-05
2.5017776381007523e-05
5.503910803821655e-05
4.002844220961204e-05
5.503910803821655e-05
6.004266331441805e-05
7.505332914302257e-05
3.0021331657209027e-05
5.0035552762015045e-05
8.005688441922408e-05
6.504621859061956e-05
5.0035552762015045e-05
8.005688441922408e-05
6.004266331441805e-05
4.002844220961204e-05
6.004266331441805e-05
4.002844220961204e-05
5.0035552762015045e-05
4.503199748581354e-05
4.002844220961204e-05
4.503199748581354e-05
5.0035552762015045e-05
3.5024886933410534e-05
4.503199748581354e-05
4.503199748581354e-05
6.004266331441805e-05
3.5024886933410534e-05
5.0035552762015045e-05
6.004266331441805e-05
5.0035552762015045e-05
4.002844220961204e-05
1.5010665828604515e-05
3.5024886933410534e-05
4.002844220961204e-05
3.5024886933410534e-05
2.001422110480602e-05
4.503199748581354e-05
4.002844220961204e-05
3.5024886933410534e-05
5.0035552762015045e-05
2.5017776381007523e-05
1.5010665828604515e-05
5.503910803821655e-05
2.001422110480602e-05
3.5024886933410534e-05
3.0021331657209027e-05
4.002844220961204e-05
2.5017776381007523e-05
2.001422110480602e-05
2.5017776381007523e-05
4.002844220961204e-05
3.0021331657209027e-05
5.0035552762015045e-05
3.0021331657209027e-05
5.003555276201505e-06
1.5010665828604515e-05
4.002844220961204e-05
3.0021331657209027e-05
2.5017776381007523e-05
2.001422110480602e-05
2.001422110480602e-05
2.5017776381007523e-05
1.5010665828604515e-05
1.5010665828604515e-05
5.003555276201505e-06
2.001422110480602e-05
2.001422110480602e-05
3.0021331657209027e-05
2.001422110480602e-05
1.000711055240301e-05
3.0021331657209027e-05
2.001422110480602e-05
2.001422110480602e-05
1.000711055240301e-05
2.001422110480602e-05
5.003555276201505e-06
2.001422110480602e-05
1.000711055240301e-05
1.5010665828604515e-05
1.000711055240301e-05
1.000711055240301e-05
1.000711055240301e-05
1.000711055240301e-05
1.5010665828604515e-05
0
1.5010665828604515e-05
2.001422110480602e-05
1.000711055240301e-05
1.5010665828604515e-05
1.5010665828604515e-05
2.5017776381007523e-05
1.5010665828604515e-05
5.003555276201505e-06
2.5017776381007523e-05
2.5017776381007523e-05
1.000711055240301e-05
1.000711055240301e-05
2.5017776381007523e-05
1.000711055240301e-05
1.000711055240301e-05
1.5010665828604515e-05
0
5.003555276201505e-06
2.5017776381007523e-05
5.003555276201505e-06
5.003555276201505e-06
1.5010665828604515e-05
3.0021331657209027e-05
1.5010665828604515e-05
1.000711055240301e-05
2.5017776381007523e-05
1.000711055240301e-05
5.003555276201505e-06
2.001422110480602e-05
1.000711055240301e-05
3.0021331657209027e-05
1.5010665828604515e-05
2.001422110480602e-05
1.5010665828604515e-05
2.001422110480602e-05
5.003555276201505e-06
1.000711055240301e-05
5.003555276201505e-06
1.5010665828604515e-05
5.003555276201505e-06
1.5010665828604515e-05
1.5010665828604515e-05
1.000711055240301e-05
2.5017776381007523e-05
1.000711055240301e-05
5.003555276201505e-06
0
1.000711055240301e-05
4.002844220961204e-05
0
1.000711055240301e-05
1.000711055240301e-05
1.5010665828604515e-05
2.001422110480602e-05
2.5017776381007523e-05
0
1.5010665828604515e-05
0
5.003555276201505e-06
5.003555276201505e-06
5.003555276201505e-06
1.000711055240301e-05
0
0
5.003555276201505e-06
0
5.003555276201505e-06
1.000711055240301e-05
2.5017776381007523e-05
2.001422110480602e-05
1.000711055240301e-05
1.000711055240301e-05
5.003555276201505e-06
5.003555276201505e-06
2.5017776381007523e-05
1.5010665828604515e-05
5.003555276201505e-06
0
1.5010665828604515e-05
5.003555276201505e-06
1.000711055240301e-05
0
0
1.000711055240301e-05
1.5010665828604515e-05
5.003555276201505e-06
1.5010665828604515e-05
1.5010665828604515e-05
1.5010665828604515e-05
5.003555276201505e-06
5.003555276201505e-06
0
0
1.000711055240301e-05
0
1.000711055240301e-05
1.5010665828604515e-05
1.5010665828604515e-05
5.003555276201505e-06
1.000711055240301e-05
0
1.000711055240301e-05
0
1.000711055240301e-05
5.003555276201505e-06
1.000711055240301e-05
1.5010665828604515e-05
0
0
1.000711055240301e-05
1.000711055240301e-05
5.003555276201505e-06
1.000711055240301e-05
0
5.003555276201505e-06
5.003555276201505e-06
2.001422110480602e-05
5.003555276201505e-06
0
1.000711055240301e-05
1.000711055240301e-05
0
1.000711055240301e-05
5.003555276201505e-06
1.000711055240301e-05
2.5017776381007523e-05
1.5010665828604515e-05
5.003555276201505e-06
0
2.001422110480602e-05
5.003555276201505e-06
0
5.003555276201505e-06
0
1.000711055240301e-05
1.000711055240301e-05
1.000711055240301e-05
1.000711055240301e-05
5.003555276201505e-06
0
1.000711055240301e-05
5.003555276201505e-06
1.000711055240301e-05
5.003555276201505e-06
5.003555276201505e-06
1.000711055240301e-05
5.003555276201505e-06
5.003555276201505e-06
0
0
5.003555276201505e-06
5.003555276201505e-06
0
5.003555276201505e-06
5.003555276201505e-06
1.5010665828604515e-05
1.000711055240301e-05
5.003555276201505e-06
5.003555276201505e-06
1.000711055240301e-05
2.001422110480602e-05
5.003555276201505e-06
5.003555276201505e-06
5.003555276201505e-06
5.003555276201505e-06
5.003555276201505e-06
0
0
5.003555276201505e-06
0
1.000711055240301e-05
5.003555276201505e-06
2.001422110480602e-05
1.000711055240301e-05
5.003555276201505e-06
0
0
0
5.003555276201505e-06
1.000711055240301e-05
1.5010665828604515e-05
0
1.000711055240301e-05
5.003555276201505e-06
0
5.003555276201505e-06
0
2.001422110480602e-05
1.000711055240301e-05
5.003555276201505e-06
5.003555276201505e-06
1.000711055240301e-05
5.003555276201505e-06
0
0
0
1.5010665828604515e-05
0
0
5.003555276201505e-06
0
1.000711055240301e-05
5.003555276201505e-06
0
5.003555276201505e-06
5.003555276201505e-06
1.000711055240301e-05
0
5.003555276201505e-06
5.003555276201505e-06
0
5.003555276201505e-06
0
0
1.000711055240301e-05
0
1.000711055240301e-05
0
5.003555276201505e-06
5.003555276201505e-06
0
5.003555276201505e-06
0
5.003555276201505e-06
0
1.000711055240301e-05
1.000711055240301e-05
0
0
1.000711055240301e-05
1.5010665828604515e-05
0
0
1.000711055240301e-05
2.5017776381007523e-05
5.003555276201505e-06
1.000711055240301e-05
0
5.003555276201505e-06
5.003555276201505e-06
0
0
0
1.000711055240301e-05
0
5.003555276201505e-06
5.003555276201505e-06
0
5.003555276201505e-06
0
0
0
5.003555276201505e-06
0
5.003555276201505e-06
0
1.000711055240301e-05
1.000711055240301e-05
5.003555276201505e-06
1.000711055240301e-05
0
5.003555276201505e-06
0
5.003555276201505e-06
0
0
5.003555276201505e-06
0
5.003555276201505e-06
0
0
0
5.003555276201505e-06
5.003555276201505e-06
1.000711055240301e-05
0
5.003555276201505e-06
5.003555276201505e-06
5.003555276201505e-06
5.003555276201505e-06
5.003555276201505e-06
1.5010665828604515e-05
5.003555276201505e-06
0
0
5.003555276201505e-06
0
0
0
0
0
0
0
5.003555276201505e-06
0
0
5.003555276201505e-06
5.003555276201505e-06
0
5.003555276201505e-06
0
5.003555276201505e-06
5.003555276201505e-06
0
0
1.5010665828604515e-05
5.003555276201505e-06
0
1.000711055240301e-05
0
0
0
5.003555276201505e-06
5.003555276201505e-06
0
0
5.003555276201505e-06
0
0
5.003555276201505e-06
5.003555276201505e-06
0
0
0
0
5.003555276201505e-06
0
0
5.003555276201505e-06
5.003555276201505e-06
0
0
0
0
0
0
5.003555276201505e-06
0
0
5.003555276201505e-06
5.003555276201505e-06
0
0
0
0
0
0
0
0
5.003555276201505e-06
0
0
0
0
0
0
5.003555276201505e-06
0
0
5.003555276201505e-06
